0
-0.003069455515838578
-0.006138882112558758
-0.009208250871313961
-0.01227753287380197
-0.015346699202540165
-0.018415720941134427
-0.021484569174552458
-0.02455321498939665
-0.0276216294741774
-0.030689783719584578
-0.03375764881875904
-0.036825195867565434
-0.03989239596486712
-0.042959220212795
-0.04602563971702062
-0.04909162558702881
-0.052157148936390854
-0.055222180883035696
-0.058286692549520736
-0.061350655063306565
-0.06441403955702722
-0.06747681716876304
-0.07053895904231126
-0.07360043632745879
-0.07666122018025487
-0.079721281763282
-0.08278059224592625
-0.08583912280465159
-0.08889684462326963
-0.09195372889321207
-0.09500974681380073
-0.09806486959251981
-0.10111906844528806
-0.10417231459672908
-0.10722457928044106
-0.11027583373927051
-0.11332604922558143
-0.11637519700152699
-0.11942324833931901
-0.12247017452149951
-0.1255159468412121
-0.1285605366024716
-0.13160391512043312
-0.13464605372166488
-0.13768692374441663
-0.14072649653889055
-0.14376474346750998
-0.14680163590518988
-0.14983714523960764
-0.15287124287147158
-0.15590390021478925
-0.15893508869713924
-0.16196477975993873
-0.1649929448587134
-0.16801955546336503
-0.1710445830584412
-0.1740679991434048
-0.17708977523290167
-0.18010988285702775
-0.18312829356159985
-0.18614497890842194
-0.1891599104755541
-0.1921730598575789
-0.19518439866586987
-0.1981938985288599
-0.20120153109230765
-0.2042072680195634
-0.20721108099183855
-0.21021294170847088
-0.21321282188719182
-0.2162106932643918
-0.21920652759538728
-0.22220029665468785
-0.22519197223626117
-0.22818152615379744
-0.23116893024097768
-0.23415415635173717
-0.23713717636053164
-0.24011796216260098
-0.24309648567423475
-0.24607271883303775
-0.24904663359819354
-0.25201820195072727
-0.2549873958937724
-0.2579541874528325
-0.2609185486760459
-0.26388045163444773
-0.26683986842223373
-0.2697967711570243
-0.27275113198012596
-0.27570292305679306
-0.27865211657649214
-0.2815986847531623
-0.28454259982547825
-0.2874838340571099
-0.29042235973698527
-0.29335814917955183
-0.2962911747250368
-0.2992214087397064
-0.30214882361612877
-0.30507339177343235
-0.30799508565756656
-0.31091387774156026
-0.3138297405257817
-0.3167426465381988
-0.31965256833463673
-0.3225594784990356
-0.325463349643711
-0.3283641544096104
-0.33126186546657216
-0.33415645551358103
-0.33704789727902673
-0.33993616352096173
-0.34282122702735685
-0.3457030606163564
-0.34858163713653706
-0.3514569294671616
-0.3543289105184356
-0.3571975532317614
-0.3600628305799934
-0.3629247155676943
-0.36578318123138787
-0.36863820063981223
-0.37148974689417585
-0.3743377931284095
-0.3771823125094199
-0.38002327823734167
-0.3828606635457902
-0.38569444170211514
-0.3885245860076511
-0.39135106979796813
-0.3941738664431253
-0.39699294934792
-0.3998082919521394
-0.4026198677308092
-0.4054276501944449
-0.4082316128893013
-0.41103172939762206
-0.41382797333788635
-0.4166203183650604
-0.419408738170844
-0.422193206483919
-0.4249736970701959
-0.42775018373306156
-0.4305226403136269
-0.43329104069097274
-0.4360553587823944
-0.43881556854364995
-0.4415716439692042
-0.4443235590924741
-0.4470712879860727
-0.4498148047620536
-0.4525540835721563
-0.4552890986080485
-0.45801982410156816
-0.4607462343249688
-0.4634683035911601
-0.46618600625395085
-0.4688993167082894
-0.4716082093905055
-0.4743126587785523
-0.4770126393922456
-0.47970812579350297
-0.48239909258658586
-0.4850855144183371
-0.48776736597842046
-0.4904446219995584
-0.4931172572577704
-0.4957852465726117
-0.4984485648074093
-0.5011071868694994
-0.5037610877104626
-0.5064102423263618
-0.5090546257579769
-0.5116942130910394
-0.5143289794564672
-0.5169589000306003
-0.5195839500354335
-0.5222041047388499
-0.5248193394548537
-0.5274296295438036
-0.5300349504126447
-0.5326352775151395
-0.5352305863520994
-0.5378208524716167
-0.5404060514692934
-0.5429861589884727
-0.5455611507204657
-0.5481310024047842
-0.5506956898293668
-0.553255188830807
-0.5558094752945816
-0.5583585251552783
-0.5609023143968216
-0.5634408190526996
-0.5659740152061886
-0.5685018789905802
-0.5710243865894058
-0.5735415142366593
-0.5760532382170225
-0.578559534866089
-0.5810603805705861
-0.5835557517685978
-0.5860456249497855
-0.588529976655612
-0.591008783479561
-0.5934820220673566
-0.595949669117185
-0.5984117013799143
-0.6008680956593118
-0.6033188288122644
-0.6057638777489944
-0.6082032194332797
-0.6106368308826694
-0.6130646891686996
-0.6154867714171106
-0.6179030548080625
-0.6203135165763498
-0.6227181340116158
-0.625116884458566
-0.6275097453171828
-0.6298966940429384
-0.6322777081470053
-0.6346527651964702
-0.6370218428145447
-0.6393849186807761
-0.6417419705312578
-0.6440929761588383
-0.6464379134133318
-0.6487767602017261
-0.6511094944883904
-0.653436094295283
-0.6557565377021597
-0.6580708028467787
-0.6603788679251076
-0.6626807111915275
-0.6649763109590396
-0.6672656455994692
-0.6695486935436675
-0.6718254332817173
-0.6740958433631343
-0.6763599023970702
-0.6786175890525132
-0.6808688820584887
-0.6831137602042615
-0.6853522023395341
-0.6875841873746461
-0.689809694280773
-0.6920287020901252
-0.6942411898961446
-0.696447136853702
-0.6986465221792924
-0.7008393251512329
-0.7030255251098565
-0.7052051014577065
-0.7073780336597311
-0.7095443012434773
-0.7117038837992834
-0.7138567609804711
-0.7160029125035368
-0.7181423181483435
-0.7202749577583119
-0.7224008112406081
-0.7245198585663345
-0.7266320797707191
-0.728737454953302
-0.7308359642781243
-0.732927587973913
-0.7350123063342702
-0.7370900997178562
-0.739160948548576
-0.7412248333157623
-0.7432817345743614
-0.7453316329451151
-0.7473745091147431
-0.7494103438361253
-0.7514391179284832
-0.7534608122775612
-0.7554754078358054
-0.7574828856225433
-0.7594832267241641
-0.7614764122942954
-0.7634624235539814
-0.7654412417918588
-0.767412848364335
-0.7693772246957622
-0.7713343522786129
-0.7732842126736539
-0.775226787510121
-0.7771620584858913
-0.7790900073676559
-0.7810106159910909
-0.78292386626103
-0.7848297401516344
-0.7867282197065616
-0.7886192870391355
-0.7905029243325156
-0.7923791138398634
-0.794247837884511
-0.796109078860126
-0.7979628192308791
-0.7998090415316085
-0.801647728367984
-0.8034788624166717
-0.8053024264254967
-0.8071184032136061
-0.8089267756716308
-0.8107275267618458
-0.8125206395183319
-0.8143060970471352
-0.8160838825264257
-0.8178539792066561
-0.8196163704107206
-0.8213710395341103
-0.8231179700450711
-0.8248571454847583
-0.8265885494673925
-0.828312165680414
-0.8300279778846356
-0.8317359699143962
-0.8334361256777136
-0.8351284291564355
-0.8368128644063906
-0.8384894155575378
-0.8401580668141178
-0.8418188024548007
-0.8434716068328334
-0.8451164643761883
-0.8467533595877093
-0.8483822770452591
-0.8500032014018623
-0.8516161173858509
-0.8532210098010093
-0.8548178635267166
-0.8564066635180884
-0.8579873948061192
-0.8595600424978238
-0.8611245917763779
-0.8626810279012559
-0.864229336208371
-0.8657695021102138
-0.8673015110959893
-0.8688253487317532
-0.8703410006605476
-0.8718484526025385
-0.8733476903551476
-0.8748386997931873
-0.8763214668689937
-0.8777959776125592
-0.8792622181316642
-0.8807201746120069
-0.8821698333173343
-0.8836111805895726
-0.8850442028489539
-0.8864688865941452
-0.8878852184023752
-0.8892931849295618
-0.8906927729104367
-0.8920839691586702
-0.8934667605669967
-0.8948411341073373
-0.8962070768309228
-0.8975645758684151
-0.8989136184300293
-0.9002541918056538
-0.9015862833649706
-0.9029098805575729
-0.9042249709130848
-0.9055315420412784
-0.9068295816321901
-0.9081190774562367
-0.9094000173643308
-0.9106723892879957
-0.9119361812394784
-0.9131913813118627
-0.9144379776791812
-0.9156759585965276
-0.9169053124001665
-0.9181260275076434
-0.9193380924178939
-0.9205414957113524
-0.9217362260500592
-0.9229222721777679
-0.9240996229200503
-0.9252682671844031
-0.926428193960352
-0.9275793923195546
-0.9287218514159039
-0.9298555604856312
-0.9309805088474066
-0.9320966859024397
-0.9332040811345796
-0.9343026841104145
-0.9353924844793694
-0.9364734719738035
-0.937545636409107
-0.9386089676837981
-0.9396634557796166
-0.9407090907616193
-0.9417458627782731
-0.9427737620615482
-0.9437927789270101
-0.9448029037739105
-0.9458041270852777
-0.9467964394280072
-0.9477798314529493
-0.9487542938949981
-0.9497198175731784
-0.950676393390732
-0.9516240123352041
-0.9525626654785279
-0.9534923439771078
-0.9544130390719042
-0.9553247420885155
-0.9562274444372593
-0.9571211376132533
-0.9580058131964969
-0.9588814628519486
-0.959748078329606
-0.9606056514645821
-0.9614541741771838
-0.9622936384729872
-0.9631240364429128
-0.9639453602632998
-0.9647576021959811
-0.9655607545883547
-0.9663548098734567
-0.967139760570032
-0.9679155992826056
-0.9686823187015513
-0.9694399116031615
-0.9701883708497142
-0.9709276893895414
-0.9716578602570949
-0.9723788765730118
-0.9730907315441797
-0.9737934184638004
-0.9744869307114535
-0.9751712617531583
-0.9758464051414354
-0.976512354515368
-0.9771691036006611
-0.9778166462097013
-0.9784549762416141
-0.9790840876823229
-0.979703974604604
-0.9803146311681439
-0.9809160516195929
-0.9815082302926208
-0.9820911616079693
-0.9826648400735045
-0.9832292602842693
-0.9837844169225339
-0.9843303047578461
-0.9848669186470803
-0.985394253534486
-0.9859123044517358
-0.9864210665179719
-0.9869205349398522
-0.9874107050115952
-0.9878915721150247
-0.9883631317196131
-0.9888253793825242
-0.989278310748655
-0.9897219215506766
-0.9901562076090747
-0.9905811648321888
-0.9909967892162505
-0.9914030768454218
-0.9918000238918316
-0.9921876266156118
-0.9925658813649325
-0.9929347845760366
-0.9932943327732733
-0.9936445225691306
-0.9939853506642675
-0.9943168138475453
-0.9946389089960571
-0.9949516330751581
-0.9952549831384933
-0.9955489563280262
-0.995833549874065
-0.9961087610952891
-0.996374587398774
-0.9966310262800162
-0.9968780753229564
-0.9971157322000025
-0.9973439946720511
-0.9975628605885096
-0.9977723278873152
-0.9979723945949551
-0.998163058826485
-0.9983443187855466
-0.998516172764385
-0.9986786191438642
-0.9988316563934827
-0.9989752830713879
-0.9991094978243898
-0.9992342993879734
-0.9993496865863107
-0.9994556583322722
-0.9995522136274367
-0.9996393515621008
-0.9997170713152875
-0.999785372154754
-0.9998442534369986
-0.9998937146072665
-0.9999337551995554
-0.9999643748366197
-0.9999855732299741
-0.9999973501798961
-0.9999997055754284
-0.9999926393943794
-0.9999761517033237
-0.9999502426576014
-0.9999149125013165
-0.999870161567335
-0.9998159902772813
-0.9997523991415346
-0.9996793887592238
-0.999596959818222
-0.99950511309514
-0.999403849455319
-0.9992931698528223
-0.9991730753304269
-0.9990435670196125
-0.9989046461405521
-0.9987563140020997
-0.9985985720017784
-0.9984314216257669
-0.9982548644488859
-0.9980689021345827
-0.9978735364349159
-0.9976687691905392
-0.9974546023306833
-0.9972310378731383
-0.9969980779242343
-0.9967557246788222
-0.9965039804202523
-0.9962428475203531
-0.9959723284394087
-0.9956924257261364
-0.9954031420176617
-0.9951044800394939
-0.9947964426055008
-0.9944790326178813
-0.9941522530671387
-0.9938161070320529
-0.9934705976796501
-0.993115728265174
-0.9927515021320552
-0.992377922711879
-0.9919949935243536
-0.9916027181772766
-0.9912011003665016
-0.9907901438759024
-0.9903698525773382
-0.989940230430617
-0.9895012814834577
-0.9890530098714528
-0.988595419818029
-0.9881285156344071
-0.9876523017195619
-0.9871667825601806
-0.9866719627306206
-0.9861678468928662
-0.9856544397964846
-0.9851317462785817
-0.9845997712637559
-0.9840585197640518
-0.9835079968789135
-0.9829482077951363
-0.9823791577868172
-0.9818008522153059
-0.9812132965291546
-0.9806164962640654
-0.9800104570428398
-0.979395184575324
-0.9787706846583568
-0.9781369631757134
-0.9774940260980511
-0.9768418794828526
-0.9761805294743691
-0.9755099823035621
-0.974830244288045
-0.9741413218320233
-0.9734432214262349
-0.9727359496478879
-0.9720195131605996
-0.9712939187143332
-0.9705591731453345
-0.9698152833760669
-0.9690622564151471
-0.9683000993572782
-0.9675288193831836
-0.9667484237595387
-0.9659589198389028
-0.9651603150596496
-0.9643526169458976
-0.9635358331074386
-0.9627099712396664
-0.9618750391235039
-0.9610310446253306
-0.9601779956969075
-0.9593159003753029
-0.958444766782816
-0.9575646031269012
-0.9566754177000903
-0.9557772188799144
-0.9548700151288247
-0.9539538149941137
-0.9530286271078334
-0.9520944601867151
-0.9511513230320863
-0.9501992245297887
-0.949238173650094
-0.9482681794476192
-0.9472892510612415
-0.9463013977140128
-0.9453046287130714
-0.9442989534495558
-0.943284381398515
-0.9422609221188204
-0.9412285852530748
-0.9401873805275218
-0.9391373177519542
-0.938078406819622
-0.9370106577071385
-0.9359340804743869
-0.9348486852644244
-0.9337544823033888
-0.9326514819003998
-0.9315396944474634
-0.930419130419373
-0.9292898003736118
-0.9281517149502524
-0.9270048848718568
-0.9258493209433757
-0.9246850340520463
-0.9235120351672901
-0.9223303353406089
-0.9211399457054815
-0.9199408774772585
-0.9187331419530561
-0.9175167505116506
-0.9162917146133702
-0.9150580457999882
-0.9138157556946129
-0.9125648560015793
-0.911305358506338
-0.9100372750753447
-0.9087606176559482
-0.9074753982762774
-0.9061816290451287
-0.9048793221518517
-0.9035684898662343
-0.9022491445383867
-0.9009212985986255
-0.8995849645573567
-0.8982401550049576
-0.8968868826116582
-0.8955251601274212
-0.8941550003818236
-0.8927764162839342
-0.8913894208221922
-0.8899940270642853
-0.8885902481570269
-0.8871780973262312
-0.8857575878765893
-0.8843287331915435
-0.882891546733162
-0.8814460420420108
-0.8799922327370273
-0.8785301325153908
-0.8770597551523949
-0.8755811145013167
-0.8740942244932862
-0.8725990991371555
-0.871095752519367
-0.8695841988038203
-0.8680644522317384
-0.8665365271215343
-0.8650004378686756
-0.8634561989455494
-0.861903824901325
-0.8603433303618176
-0.8587747300293505
-0.8571980386826161
-0.8556132711765372
-0.8540204424421264
-0.8524195674863461
-0.8508106613919668
-0.849193739317425
-0.8475688164966801
-0.8459359082390715
-0.8442950299291742
-0.842646197026653
-0.8409894250661181
-0.8393247296569779
-0.8376521264832927
-0.8359716313036257
-0.8342832599508955
-0.8325870283322269
-0.8308829524288008
-0.8291710482957035
-0.8274513320617755
-0.8257238199294598
-0.8239885281746493
-0.8222454731465328
-0.8204946712674414
-0.818736139032694
-0.816969893010442
-0.8151959498415121
-0.8134143262392505
-0.8116250389893656
-0.8098281049497692
-0.808023541050418
-0.8062113642931537
-0.8043915917515435
-0.8025642405707193
-0.8007293279672147
-0.7988868712288044
-0.797036887714341
-0.7951793948535911
-0.793314410147071
-0.7914419511658818
-0.7895620355515447
-0.7876746810158338
-0.7857799053406097
-0.7838777263776514
-0.7819681620484892
-0.7800512303442353
-0.7781269493254134
-0.7761953371217899
-0.7742564119322024
-0.7723101920243889
-0.7703566957348142
-0.7683959414684988
-0.7664279476988445
-0.7644527329674611
-0.7624703158839906
-0.7604807151259328
-0.7584839494384694
-0.7564800376342868
-0.7544689985933991
-0.7524508512629698
-0.7504256146571343
-0.7483933078568205
-0.7463539500095676
-0.7443075603293474
-0.742254158096383
-0.7401937626569663
-0.7381263934232767
-0.7360520698731968
-0.7339708115501312
-0.7318826380628203
-0.7297875690851562
-0.7276856243559972
-0.7255768236789826
-0.7234611869223456
-0.7213387340187257
-0.7192094849649809
-0.7170734598220005
-0.7149306787145151
-0.7127811618309067
-0.7106249294230188
-0.7084620018059666
-0.7062923993579445
-0.7041161425200338
-0.7019332517960107
-0.6997437477521538
-0.6975476510170494
-0.6953449822813969
-0.6931357622978142
-0.690920011880643
-0.6886977519057521
-0.6864690033103399
-0.6842337870927377
-0.6819921243122129
-0.6797440360887695
-0.6774895436029489
-0.6752286680956305
-0.6729614308678328
-0.6706878532805114
-0.6684079567543577
-0.6661217627695974
-0.6638292928657891
-0.6615305686416199
-0.6592256117547022
-0.6569144439213702
-0.6545970869164752
-0.6522735625731803
-0.6499438927827543
-0.6476080994943657
-0.6452662047148767
-0.642918230508635
-0.6405641989972655
-0.6382041323594627
-0.6358380528307822
-0.63346598270343
-0.631087944326053
-0.628703960103528
-0.6263140524967521
-0.6239182440224295
-0.6215165572528596
-0.6191090148157247
-0.6166956393938771
-0.6142764537251253
-0.6118514806020185
-0.6094207428716335
-0.6069842634353586
-0.6045420652486788
-0.6020941713209575
-0.5996406047152217
-0.5971813885479439
-0.5947165459888246
-0.5922461002605734
-0.5897700746386905
-0.587288492451248
-0.5848013770786699
-0.5823087519535104
-0.5798106405602349
-0.5773070664349983
-0.5747980531654232
-0.572283624390377
-0.5697638037997497
-0.567238615134231
-0.5647080821850868
-0.5621722287939338
-0.5596310788525155
-0.5570846563024783
-0.5545329851351443
-0.5519760893912857
-0.5494139931608985
-0.5468467205829758
-0.5442742958452803
-0.5416967431841154
-0.5391140868840979
-0.5365263512779294
-0.5339335607461662
-0.5313357397169901
-0.5287329126659777
-0.5261251041158709
-0.5235123386363452
-0.5208946408437775
-0.5182720354010151
-0.5156445470171435
-0.5130122004472535
-0.5103750204922066
-0.507733031998403
-0.5050862598575472
-0.5024347290064132
-0.49977846442660895
-0.4971174911443418
-0.49445183423018296
-0.4917815187988308
-0.4891065700088739
-0.4864270130625542
-0.48374287320553033
-0.4810541757266394
-0.4783609459576576
-0.47566320927306277
-0.4729609910897954
-0.4702543168670188
-0.4675432121058787
-0.4648277023492634
-0.46210781318156396
-0.45938357022843224
-0.45665499915653907
-0.4539221256733331
-0.451184975526799
-0.4484435745052144
-0.4456979484369062
-0.44294812319000804
-0.440194124672217
-0.43743597883054897
-0.4346737116510935
-0.43190734915876977
-0.4291369174170818
-0.4263624425278725
-0.42358395063107684
-0.42080146790447626
-0.4180150205634531
-0.4152246348607423
-0.41243033708618393
-0.4096321535664758
-0.40683011066492647
-0.4040242347812057
-0.40121455235109554
-0.3984010898462415
-0.3955838737739043
-0.39276293067670903
-0.3899382871323946
-0.38710996975356393
-0.384278005187434
-0.3814424201155841
-0.3786032412537036
-0.37576049535134115
-0.37291420919165313
-0.3700644095911509
-0.3672111233994471
-0.3643543774990038
-0.36149419880487943
-0.35863061426447485
-0.3557636508572788
-0.35289333559461417
-0.3500196955193842
-0.34714275770581743
-0.3442625492592113
-0.34137909731567795
-0.338492429041889
-0.335602571634819
-0.3327095523214885
-0.3298133983587083
-0.326914137032823
-0.3240117956594536
-0.3211064015832394
-0.31819798217758083
-0.31528656484438256
-0.3123721770137942
-0.3094548461439518
-0.3065345997207192
-0.30361146525743027
-0.30068547029462855
-0.2977566423998075
-0.29482500916715115
-0.29189059821727503
-0.28895343719696515
-0.2860135537789167
-0.28307097566147427
-0.28012573056837153
-0.2771778462484691
-0.27422735047549274
-0.27127427104777213
-0.2683186357879799
-0.2653604725428683
-0.262399809183007
-0.25943667360252026
-0.25647109371882554
-0.2535030974723694
-0.2505327128263636
-0.24755996776652245
-0.24458489030079983
-0.24160750845912446
-0.23862785029313535
-0.23564594387591797
-0.23266181730174063
-0.229675498685789
-0.22668701616390052
-0.2236963978923001
-0.22070367204733546
-0.21770886682521098
-0.2147120104417214
-0.21171313113198653
-0.20871225715018615
-0.20570941676929297
-0.20270463828080557
-0.1996979499944826
-0.19668938023807667
-0.19367895735706683
-0.19066670971439081
-0.18765266569017847
-0.18463685368148508
-0.1816193021020232
-0.17860003938189412
-0.17557909396732083
-0.17255649432038056
-0.16953226891873616
-0.16650644625536684
-0.16347905483830064
-0.16045012319034635
-0.15741967984882418
-0.15438775336529628
-0.15135437230529822
-0.14831956524807072
-0.14528336078628962
-0.1422457875257959
-0.1392068740853267
-0.1361666490962465
-0.13312514120227664
-0.1300823790592248
-0.12703839133471556
-0.1239932067079212
-0.12094685386929067
-0.11789936152027866
-0.1148507583730758
-0.11180107315033891
-0.10875033458491969
-0.10569857141959325
-0.10264581240678812
-0.0995920863083159
-0.09653742189509971
-0.0934818479469024
-0.09042539325205604
-0.0873680866071914
-0.08430995681696604
-0.08125103269379211
-0.07819134305756557
-0.07513091673539556
-0.07206978256133181
-0.06900796937609256
-0.06594550602679333
-0.06288242136667596
-0.05981874425483597
-0.056754503555950055
-0.05368972814000477
-0.050624446882025255
-0.04755868866180247
-0.044492482363620425
-0.04142585687598473
-0.03835884109135113
-0.035291463905852555
-0.03222375421902623
-0.02915574093354205
-0.02608745295493101
-0.023018919191312125
-0.019950168553119405
-0.016881229952830167
-0.013812132304693312
-0.010742904524456231
-0.007673575529091667
-0.004604174236525969
-0.0015347295653673364
0.0015347295653673364
0.00460417423652562
0.007673575529090969
0.010742904524456231
0.013812132304693312
0.01688122995282982
0.019950168553119405
0.023018919191312125
0.02608745295493101
0.0291557409335417
0.03222375421902553
0.035291463905852555
0.03835884109135113
0.04142585687598439
0.044492482363620425
0.04755868866180247
0.050624446882025255
0.053689728140004424
0.056754503555949354
0.05981874425483597
0.06288242136667596
0.06594550602679299
0.06900796937609256
0.07206978256133181
0.07513091673539556
0.07819134305756523
0.0812510326937914
0.08430995681696604
0.0873680866071914
0.09042539325205569
0.0934818479469024
0.09653742189509971
0.0995920863083159
0.10264581240678777
0.10569857141959256
0.10875033458491969
0.11180107315033891
0.11485075837307544
0.11789936152027866
0.12094685386929067
0.1239932067079212
0.12703839133471523
0.1300823790592241
0.13312514120227664
0.1361666490962465
0.13920687408532637
0.1422457875257959
0.14528336078628962
0.14831956524807072
0.15135437230529786
0.1543877533652956
0.15741967984882418
0.16045012319034635
0.16347905483830028
0.16650644625536684
0.16953226891873616
0.17255649432038056
0.17557909396732047
0.17860003938189345
0.1816193021020232
0.18463685368148508
0.1876526656901781
0.19066670971439081
0.19367895735706683
0.19668938023807667
0.19969794999448226
0.2027046382808049
0.20570941676929297
0.20871225715018615
0.21171313113198617
0.2147120104417214
0.21770886682521098
0.22070367204733546
0.22369639789229978
0.22668701616389986
0.229675498685789
0.23266181730174063
0.23564594387591764
0.23862785029313535
0.24160750845912446
0.24458489030079983
0.24755996776652212
0.2505327128263629
0.2535030974723694
0.25647109371882554
0.25943667360251993
0.262399809183007
0.2653604725428683
0.2683186357879799
0.27127427104777185
0.27422735047549207
0.2771778462484691
0.28012573056837153
0.28307097566147393
0.2860135537789167
0.28895343719696515
0.29189059821727503
0.2948250091671508
0.2977566423998068
0.30068547029462855
0.30361146525743027
0.3065345997207189
0.3094548461439518
0.3123721770137942
0.31528656484438256
0.31819798217758055
0.3211064015832387
0.3240117956594536
0.326914137032823
0.32981339835870793
0.3327095523214885
0.335602571634819
0.338492429041889
0.34137909731567756
0.34426254925921057
0.34714275770581743
0.3500196955193842
0.3528933355946138
0.3557636508572788
0.35863061426447485
0.36149419880487943
0.36435437749900346
0.36721112339944645
0.3700644095911509
0.37291420919165313
0.37576049535134076
0.3786032412537036
0.3814424201155841
0.384278005187434
0.38710996975356354
0.3899382871323939
0.39276293067670903
0.3955838737739043
0.3984010898462412
0.40121455235109554
0.4040242347812057
0.40683011066492647
0.40963215356647553
0.4124303370861833
0.4152246348607423
0.4180150205634531
0.420801467904476
0.42358395063107684
0.4263624425278725
0.4291369174170818
0.4319073491587695
0.43467371165109286
0.43743597883054897
0.440194124672217
0.44294812319000776
0.4456979484369062
0.4484435745052144
0.451184975526799
0.4539221256733328
0.45665499915653845
0.45938357022843224
0.46210781318156396
0.4648277023492631
0.4675432121058787
0.4702543168670188
0.4729609910897954
0.4756632092730625
0.47836094595765705
0.4810541757266394
0.48374287320553033
0.48642701306255387
0.4891065700088739
0.4917815187988308
0.49445183423018296
0.4971174911443415
0.4997784644266084
0.5024347290064132
0.5050862598575472
0.5077330319984028
0.5103750204922066
0.5130122004472535
0.5156445470171435
0.5182720354010147
0.5208946408437769
0.5235123386363452
0.5261251041158709
0.5287329126659774
0.5313357397169901
0.5339335607461662
0.5365263512779294
0.5391140868840977
0.5416967431841149
0.5442742958452803
0.5468467205829758
0.5494139931608982
0.5519760893912857
0.5545329851351443
0.5570846563024783
0.5596310788525153
0.5621722287939332
0.5647080821850868
0.567238615134231
0.5697638037997494
0.572283624390377
0.5747980531654232
0.5773070664349983
0.5798106405602346
0.5823087519535098
0.5848013770786699
0.587288492451248
0.5897700746386902
0.5922461002605734
0.5947165459888246
0.5971813885479439
0.5996406047152214
0.6020941713209571
0.6045420652486788
0.6069842634353586
0.6094207428716332
0.6118514806020185
0.6142764537251253
0.6166956393938771
0.6191090148157243
0.621516557252859
0.6239182440224295
0.6263140524967521
0.6287039601035278
0.631087944326053
0.63346598270343
0.6358380528307822
0.6382041323594625
0.6405641989972649
0.642918230508635
0.6452662047148767
0.6476080994943655
0.6499438927827543
0.6522735625731803
0.6545970869164752
0.65691444392137
0.6592256117547016
0.6615305686416199
0.6638292928657891
0.6661217627695971
0.6684079567543577
0.6706878532805114
0.6729614308678328
0.6752286680956302
0.6774895436029483
0.6797440360887695
0.6819921243122129
0.6842337870927374
0.6864690033103399
0.6886977519057521
0.690920011880643
0.6931357622978138
0.6953449822813963
0.6975476510170494
0.6997437477521538
0.7019332517960104
0.7041161425200338
0.7062923993579445
0.7084620018059666
0.7106249294230186
0.7127811618309061
0.7149306787145151
0.7170734598220005
0.7192094849649806
0.7213387340187257
0.7234611869223456
0.7255768236789826
0.7276856243559969
0.7297875690851556
0.7318826380628203
0.7339708115501312
0.7360520698731966
0.7381263934232767
0.7401937626569663
0.742254158096383
0.7443075603293472
0.7463539500095672
0.7483933078568205
0.7504256146571343
0.7524508512629695
0.7544689985933991
0.7564800376342868
0.7584839494384694
0.7604807151259326
0.7624703158839902
0.7644527329674611
0.7664279476988445
0.7683959414684985
0.7703566957348142
0.7723101920243889
0.7742564119322024
0.7761953371217897
0.778126949325413
0.7800512303442353
0.7819681620484892
0.7838777263776512
0.7857799053406097
0.7876746810158338
0.7895620355515447
0.7914419511658817
0.7933144101470706
0.7951793948535911
0.797036887714341
0.7988868712288042
0.8007293279672147
0.8025642405707193
0.8043915917515435
0.8062113642931535
0.8080235410504176
0.8098281049497692
0.8116250389893656
0.8134143262392504
0.8151959498415121
0.816969893010442
0.818736139032694
0.8204946712674412
0.8222454731465324
0.8239885281746493
0.8257238199294598
0.8274513320617753
0.8291710482957035
0.8308829524288008
0.8325870283322269
0.8342832599508953
0.8359716313036253
0.8376521264832927
0.8393247296569779
0.840989425066118
0.842646197026653
0.8442950299291742
0.8459359082390715
0.8475688164966799
0.8491937393174247
0.8508106613919668
0.8524195674863461
0.8540204424421262
0.8556132711765372
0.8571980386826161
0.8587747300293505
0.8603433303618174
0.8619038249013247
0.8634561989455494
0.8650004378686756
0.8665365271215341
0.8680644522317384
0.8695841988038203
0.871095752519367
0.8725990991371554
0.8740942244932859
0.8755811145013167
0.8770597551523949
0.8785301325153907
0.8799922327370273
0.8814460420420108
0.882891546733162
0.8843287331915435
0.885757587876589
0.8871780973262312
0.8885902481570269
0.8899940270642852
0.8913894208221922
0.8927764162839342
0.8941550003818236
0.8955251601274211
0.8968868826116578
0.8982401550049576
0.8995849645573567
0.9009212985986254
0.9022491445383867
0.9035684898662343
0.9048793221518517
0.9061816290451286
0.9074753982762771
0.9087606176559482
0.9100372750753447
0.911305358506338
0.9125648560015793
0.9138157556946129
0.9150580457999882
0.9162917146133701
0.9175167505116504
0.9187331419530561
0.9199408774772585
0.9211399457054814
0.9223303353406089
0.9235120351672901
0.9246850340520463
0.9258493209433756
0.9270048848718566
0.9281517149502524
0.9292898003736118
0.9304191304193729
0.9315396944474634
0.9326514819003998
0.9337544823033888
0.9348486852644243
0.9359340804743865
0.9370106577071385
0.938078406819622
0.9391373177519541
0.9401873805275218
0.9412285852530748
0.9422609221188204
0.943284381398515
0.9442989534495556
0.9453046287130714
0.9463013977140128
0.9472892510612415
0.9482681794476192
0.949238173650094
0.9501992245297887
0.9511513230320862
0.9520944601867148
0.9530286271078334
0.9539538149941137
0.9548700151288246
0.9557772188799144
0.9566754177000903
0.9575646031269012
0.9584447667828159
0.9593159003753027
0.9601779956969075
0.9610310446253306
0.9618750391235039
0.9627099712396664
0.9635358331074386
0.9643526169458976
0.9651603150596495
0.9659589198389026
0.9667484237595387
0.9675288193831836
0.9683000993572781
0.9690622564151471
0.9698152833760669
0.9705591731453345
0.9712939187143332
0.9720195131605995
0.9727359496478879
0.9734432214262349
0.9741413218320233
0.974830244288045
0.9755099823035621
0.9761805294743691
0.9768418794828526
0.977494026098051
0.9781369631757134
0.9787706846583568
0.979395184575324
0.9800104570428398
0.9806164962640654
0.9812132965291546
0.9818008522153059
0.9823791577868171
0.9829482077951363
0.9835079968789135
0.9840585197640517
0.9845997712637559
0.9851317462785817
0.9856544397964846
0.9861678468928661
0.9866719627306205
0.9871667825601806
0.9876523017195619
0.988128515634407
0.988595419818029
0.9890530098714528
0.9895012814834577
0.9899402304306169
0.9903698525773381
0.9907901438759024
0.9912011003665016
0.9916027181772766
0.9919949935243536
0.992377922711879
0.9927515021320552
0.9931157282651739
0.99347059767965
0.9938161070320529
0.9941522530671387
0.9944790326178812
0.9947964426055008
0.9951044800394939
0.9954031420176617
0.9956924257261364
0.9959723284394086
0.9962428475203531
0.9965039804202523
0.9967557246788222
0.9969980779242343
0.9972310378731383
0.9974546023306833
0.9976687691905392
0.9978735364349159
0.9980689021345827
0.9982548644488859
0.9984314216257669
0.9985985720017784
0.9987563140020997
0.9989046461405521
0.9990435670196124
0.9991730753304269
0.9992931698528223
0.999403849455319
0.99950511309514
0.999596959818222
0.9996793887592238
0.9997523991415346
0.9998159902772813
0.999870161567335
0.9999149125013165
0.9999502426576014
0.9999761517033237
0.9999926393943794
0.9999997055754284
0.9999973501798961
0.9999855732299741
0.9999643748366197
0.9999337551995554
0.9998937146072665
0.9998442534369987
0.999785372154754
0.9997170713152875
0.9996393515621008
0.9995522136274367
0.9994556583322722
0.9993496865863107
0.9992342993879734
0.9991094978243898
0.9989752830713879
0.9988316563934827
0.9986786191438642
0.9985161727643851
0.9983443187855467
0.998163058826485
0.9979723945949551
0.9977723278873153
0.9975628605885096
0.9973439946720511
0.9971157322000025
0.9968780753229565
0.9966310262800162
0.996374587398774
0.9961087610952891
0.995833549874065
0.9955489563280262
0.9952549831384933
0.9949516330751581
0.9946389089960572
0.9943168138475453
0.9939853506642675
0.9936445225691306
0.9932943327732733
0.9929347845760366
0.9925658813649325
0.9921876266156118
0.9918000238918316
0.991403076845422
0.9909967892162505
0.9905811648321888
0.9901562076090747
0.9897219215506766
0.989278310748655
0.9888253793825242
0.9883631317196131
0.9878915721150248
0.9874107050115952
0.9869205349398522
0.986421066517972
0.9859123044517358
0.985394253534486
0.9848669186470803
0.9843303047578462
0.983784416922534
0.9832292602842693
0.9826648400735045
0.9820911616079693
0.9815082302926208
0.9809160516195929
0.9803146311681439
0.9797039746046041
0.979084087682323
0.9784549762416141
0.9778166462097013
0.9771691036006612
0.976512354515368
0.9758464051414354
0.9751712617531583
0.9744869307114535
0.9737934184638005
0.9730907315441797
0.9723788765730118
0.971657860257095
0.9709276893895414
0.9701883708497142
0.9694399116031615
0.9686823187015514
0.9679155992826057
0.967139760570032
0.9663548098734567
0.9655607545883548
0.9647576021959811
0.9639453602632998
0.9631240364429128
0.9622936384729873
0.961454174177184
0.9606056514645821
0.959748078329606
0.9588814628519488
0.9580058131964969
0.9571211376132533
0.9562274444372593
0.9553247420885157
0.9544130390719044
0.9534923439771078
0.9525626654785279
0.9516240123352043
0.950676393390732
0.9497198175731784
0.9487542938949981
0.9477798314529494
0.9467964394280074
0.9458041270852777
0.9448029037739105
0.9437927789270103
0.9427737620615482
0.9417458627782731
0.9407090907616193
0.9396634557796167
0.9386089676837983
0.937545636409107
0.9364734719738035
0.9353924844793695
0.9343026841104145
0.9332040811345796
0.9320966859024397
0.9309805088474067
0.9298555604856314
0.9287218514159039
0.9275793923195546
0.9264281939603521
0.9252682671844031
0.9240996229200503
0.9229222721777679
0.9217362260500594
0.9205414957113526
0.9193380924178939
0.9181260275076434
0.9169053124001667
0.9156759585965276
0.9144379776791812
0.9131913813118627
0.9119361812394786
0.910672389287996
0.9094000173643308
0.9081190774562367
0.9068295816321902
0.9055315420412784
0.9042249709130848
0.9029098805575729
0.9015862833649706
0.9002541918056542
0.8989136184300293
0.8975645758684151
0.8962070768309229
0.8948411341073373
0.8934667605669967
0.8920839691586702
0.8906927729104369
0.8892931849295622
0.8878852184023752
0.8864688865941452
0.8850442028489541
0.8836111805895726
0.8821698333173343
0.8807201746120069
0.8792622181316644
0.8777959776125596
0.8763214668689937
0.8748386997931873
0.8733476903551478
0.8718484526025385
0.8703410006605476
0.8688253487317532
0.8673015110959895
0.8657695021102142
0.864229336208371
0.8626810279012559
0.8611245917763781
0.8595600424978238
0.8579873948061192
0.8564066635180884
0.8548178635267168
0.8532210098010098
0.8516161173858509
0.8500032014018623
0.8483822770452594
0.8467533595877093
0.8451164643761883
0.8434716068328334
0.8418188024548009
0.8401580668141183
0.8384894155575378
0.8368128644063906
0.8351284291564358
0.8334361256777136
0.8317359699143962
0.8300279778846356
0.8283121656804142
0.8265885494673929
0.8248571454847583
0.8231179700450711
0.8213710395341105
0.8196163704107206
0.8178539792066561
0.8160838825264257
0.8143060970471354
0.8125206395183323
0.8107275267618458
0.8089267756716308
0.8071184032136064
0.8053024264254967
0.8034788624166717
0.801647728367984
0.7998090415316088
0.7979628192308796
0.796109078860126
0.794247837884511
0.7923791138398637
0.7905029243325156
0.7886192870391355
0.7867282197065616
0.7848297401516348
0.7829238662610306
0.7810106159910909
0.7790900073676559
0.7771620584858915
0.775226787510121
0.7732842126736539
0.7713343522786129
0.7693772246957625
0.7674128483643355
0.7654412417918588
0.7634624235539814
0.7614764122942957
0.7594832267241641
0.7574828856225433
0.7554754078358054
0.7534608122775616
0.7514391179284837
0.7494103438361253
0.7473745091147431
0.7453316329451153
0.7432817345743614
0.7412248333157623
0.739160948548576
0.7370900997178566
0.7350123063342707
0.732927587973913
0.7308359642781243
0.7287374549533023
0.7266320797707191
0.7245198585663345
0.7224008112406081
0.7202749577583122
0.7181423181483442
0.7160029125035368
0.7138567609804711
0.7117038837992837
0.7095443012434773
0.7073780336597311
0.7052051014577065
0.7030255251098568
0.7008393251512335
0.6986465221792924
0.696447136853702
0.6942411898961449
0.6920287020901252
0.689809694280773
0.6875841873746461
0.6853522023395344
0.6831137602042622
0.6808688820584887
0.6786175890525132
0.6763599023970706
0.6740958433631343
0.6718254332817173
0.6695486935436675
0.6672656455994694
0.6649763109590403
0.6626807111915275
0.6603788679251076
0.658070802846779
0.6557565377021597
0.653436094295283
0.6511094944883904
0.6487767602017265
0.6464379134133325
0.6440929761588383
0.6417419705312578
0.6393849186807764
0.6370218428145447
0.6346527651964702
0.6322777081470053
0.6298966940429387
0.6275097453171835
0.625116884458566
0.6227181340116158
0.6203135165763501
0.6179030548080625
0.6154867714171106
0.6130646891686996
0.6106368308826697
0.6082032194332804
0.6057638777489944
0.6033188288122644
0.6008680956593122
0.5984117013799143
0.595949669117185
0.5934820220673566
0.5910087834795613
0.5885299766556128
0.5860456249497855
0.5835557517685978
0.5810603805705864
0.578559534866089
0.5760532382170225
0.5735415142366593
0.5710243865894062
0.568501878990581
0.5659740152061886
0.5634408190526996
0.560902314396822
0.5583585251552783
0.5558094752945816
0.553255188830807
0.5506956898293671
0.548131002404785
0.5455611507204657
0.5429861589884727
0.5404060514692939
0.5378208524716167
0.5352305863520994
0.5326352775151395
0.5300349504126451
0.5274296295438043
0.5248193394548537
0.5222041047388499
0.5195839500354339
0.5169589000306003
0.5143289794564672
0.5116942130910394
0.5090546257579773
0.5064102423263626
0.5037610877104626
0.5011071868694994
0.4984485648074097
0.4957852465726117
0.4931172572577704
0.4904446219995584
0.48776736597842085
0.48508551441833786
0.48239909258658586
0.47970812579350297
0.4770126393922456
0.4743126587785523
0.4716082093905055
0.4688993167082894
0.46618600625395124
0.46346830359116087
0.4607462343249688
0.45801982410156816
0.4552890986080485
0.4525540835721563
0.4498148047620536
0.4470712879860727
0.44432355909247456
0.441571643969205
0.43881556854364995
0.4360553587823944
0.43329104069097274
0.4305226403136269
0.42775018373306156
0.4249736970701959
0.42219320648391945
0.4194087381708448
0.4166203183650604
0.41382797333788635
0.41103172939762206
0.4082316128893013
0.4054276501944449
0.4026198677308092
0.3998082919521398
0.39699294934792084
0.3941738664431253
0.39135106979796813
0.3885245860076511
0.38569444170211514
0.3828606635457902
0.38002327823734167
0.37718231250942036
0.3743377931284103
0.37148974689417585
0.36863820063981223
0.36578318123138787
0.3629247155676943
0.3600628305799934
0.3571975532317614
0.35432891051843607
0.35145692946716245
0.34858163713653706
0.3457030606163564
0.34282122702735685
0.33993616352096173
0.33704789727902673
0.33415645551358103
0.3312618654665726
0.3283641544096113
0.325463349643711
0.3225594784990356
0.31965256833463673
0.3167426465381988
0.3138297405257817
0.31091387774156026
0.307995085657567
0.3050733917734332
0.30214882361612877
0.2992214087397064
0.2962911747250368
0.29335814917955183
0.29042235973698527
0.2874838340571099
0.28454259982547864
0.2815986847531632
0.27865211657649214
0.27570292305679306
0.27275113198012596
0.2697967711570243
0.26683986842223373
0.26388045163444773
0.26091854867604636
0.25795418745283333
0.2549873958937724
0.25201820195072727
0.24904663359819354
0.24607271883303775
0.24309648567423475
0.24011796216260098
0.23713717636053208
0.23415415635173803
0.23116893024097768
0.22818152615379744
0.22519197223626117
0.22220029665468785
0.21920652759538728
0.2162106932643918
0.21321282188719226
0.21021294170847174
0.20721108099183855
0.2042072680195634
0.20120153109230765
0.1981938985288599
0.19518439866586987
0.1921730598575789
0.18915991047555455
0.18614497890842283
0.18312829356159985
0.18010988285702775
0.17708977523290167
0.1740679991434048
0.1710445830584412
0.16801955546336503
0.16499294485871385
0.16196477975993961
0.15893508869713924
0.15590390021478925
0.15287124287147158
0.14983714523960764
0.14680163590518988
0.14376474346750998
0.140726496538891
0.1376869237444175
0.13464605372166488
0.13160391512043312
0.1285605366024716
0.1255159468412121
0.12247017452149951
0.11942324833931901
0.11637519700152743
0.11332604922558231
0.11027583373927051
0.10722457928044106
0.10417231459672908
0.10111906844528806
0.09806486959251981
0.09500974681380073
0.0919537288932125
0.08889684462327052
0.08583912280465159
0.08278059224592625
0.079721281763282
0.07666122018025487
0.07360043632745879
0.07053895904231126
0.06747681716876348
0.06441403955702811
0.061350655063306565
0.058286692549520736
0.05522218088303614
0.052157148936390854
0.04909162558702881
0.04602563971702062
0.04295922021279545
0.03989239596486801
0.036825195867565434
0.03375764881875904
0.030689783719585022
0.0276216294741774
0.02455321498939665
0.021484569174552458
0.01841572094113487
0.015346699202541053
0.01227753287380197
0.009208250871313961
0.006138882112559202
0.003069455515838578
0
