-1.1752011936438014
-1.173694103491148
-1.1721881337543945
-1.1706832829959322
-1.1691795497792217
-1.167676932668789
-1.1661754302302265
-1.1646750410301903
-1.1631757636363993
-1.1616775966176336
-1.1601805385437334
-1.1586845879855974
-1.1571897435151821
-1.1556960037054989
-1.1542033671306142
-1.152711832365648
-1.1512213979867714
-1.1497320625712064
-1.1482438246972233
-1.1467566829441413
-1.1452706358923255
-1.1437856821231853
-1.1423018202191746
-1.1408190487637895
-1.1393373663415667
-1.1378567715380825
-1.136377262939952
-1.1348988391348265
-1.1334214987113935
-1.1319452402593742
-1.1304700623695227
-1.128995963633625
-1.127522942644497
-1.1260509979959834
-1.1245801282829564
-1.123110332101314
-1.12164160804798
-1.1201739547209009
-1.118707370719045
-1.1172418546424019
-1.115777405091981
-1.1143140206698094
-1.1128516999789304
-1.1113904416234037
-1.109930244208303
-1.108471106339714
-1.1070130266247344
-1.105556003671472
-1.1041000360890438
-1.1026451224875735
-1.1011912614781911
-1.0997384516730317
-1.0982866916852343
-1.0968359801289387
-1.0953863156192867
-1.0939376967724193
-1.092490122205476
-1.0910435905365923
-1.0895981003849
-1.088153650370525
-1.0867102391145862
-1.0852678652391938
-1.0838265273674486
-1.08238622412344
-1.0809469541322458
-1.0795087160199295
-1.0780715084135393
-1.0766353299411078
-1.0752001792316506
-1.0737660549151626
-1.0723329556226202
-1.0709008799859774
-1.069469826638166
-1.0680397942130928
-1.0666107813456398
-1.0651827866716623
-1.0637558088279877
-1.0623298464524134
-1.0609048981837068
-1.059480962661603
-1.0580580385268044
-1.0566361244209783
-1.055215218986756
-1.0537953208677329
-1.0523764287084645
-1.0509585411544677
-1.0495416568522176
-1.0481257744491477
-1.0467108925936475
-1.0452970099350616
-1.0438841251236886
-1.0424722368107795
-1.0410613436485372
-1.0396514442901137
-1.0382425373896098
-1.0368346216020743
-1.035427695583502
-1.034021757990832
-1.032616807481947
-1.0312128427156726
-1.0298098623517753
-1.0284078650509607
-1.0270068494748732
-1.0256068142860946
-1.0242077581481421
-1.022809679725468
-1.0214125776834575
-1.0200164506884282
-1.018621297407628
-1.0172271165092355
-1.0158339066623556
-1.0144416665370217
-1.013050394804193
-1.011660090135752
-1.010270751204505
-1.0088823766841803
-1.0074949652494267
-1.0061085155758125
-1.004723026339824
-1.0033384962188636
-1.0019549238912508
-1.0005723080362185
-0.9991906473339125
-0.9978099404653906
-0.9964301861126216
-0.9950513829584828
-0.9936735296867598
-0.9922966249821454
-0.9909206675302376
-0.9895456560175383
-0.9881715891314526
-0.9867984655602879
-0.9854262839932516
-0.9840550431204501
-0.9826847416328882
-0.9813153782224674
-0.9799469515819846
-0.9785794604051311
-0.9772129033864908
-0.9758472792215397
-0.9744825866066446
-0.9731188242390608
-0.971755990816932
-0.9703940850392888
-0.9690331056060475
-0.9676730512180081
-0.966313920576854
-0.9649557123851503
-0.9635984253463432
-0.9622420581647576
-0.9608866095455965
-0.95953207819494
-0.9581784628197442
-0.9568257621278389
-0.9554739748279273
-0.9541230996295846
-0.952773135243257
-0.9514240803802597
-0.950075933752776
-0.9487286940738568
-0.9473823600574187
-0.9460369304182423
-0.9446924038719717
-0.9433487791351136
-0.9420060549250353
-0.9406642299599633
-0.9393233029589831
-0.9379832726420373
-0.9366441377299244
-0.9353058969442974
-0.9339685490076632
-0.932632092643381
-0.931296526575661
-0.9299618495295632
-0.9286280602309963
-0.9272951574067165
-0.9259631397843265
-0.9246320060922736
-0.9233017550598488
-0.9219723854171863
-0.9206438958952613
-0.9193162852258892
-0.9179895521417241
-0.9166636953762584
-0.9153387136638206
-0.9140146057395748
-0.912691370339519
-0.9113690062004841
-0.9100475120601332
-0.9087268866569593
-0.907407128730285
-0.9060882370202606
-0.9047702102678643
-0.9034530472148989
-0.9021367466039921
-0.900821307178595
-0.8995067276829809
-0.8981930068622437
-0.8968801434622967
-0.8955681362298725
-0.8942569839125207
-0.8929466852586067
-0.891637239017311
-0.8903286439386278
-0.8890208987733641
-0.8877140022731379
-0.8864079531903774
-0.8851027502783196
-0.88379839229101
-0.8824948779832995
-0.8811922061108454
-0.8798903754301085
-0.8785893846983532
-0.8772892326736453
-0.8759899181148514
-0.8746914397816372
-0.8733937964344676
-0.8720969868346036
-0.8708010097441021
-0.8695058639258155
-0.8682115481433895
-0.8669180611612618
-0.8656254017446611
-0.8643335686596068
-0.8630425606729067
-0.8617523765521565
-0.8604630150657377
-0.8591744749828181
-0.8578867550733489
-0.8565998541080644
-0.8553137708584806
-0.8540285040968942
-0.8527440525963818
-0.8514604151307973
-0.8501775904747721
-0.8488955774037139
-0.8476143746938047
-0.8463339811220002
-0.8450543954660285
-0.8437756165043888
-0.8424976430163508
-0.8412204737819526
-0.8399441075820004
-0.8386685431980668
-0.83739377941249
-0.8361198150083723
-0.8348466487695789
-0.8335742794807373
-0.8323027059272359
-0.8310319268952221
-0.8297619411716022
-0.8284927475440396
-0.8272243448009543
-0.8259567317315207
-0.8246899071256671
-0.8234238697740748
-0.8221586184681766
-0.8208941520001553
-0.819630469162943
-0.8183675687502201
-0.8171054495564141
-0.8158441103766976
-0.814583550006988
-0.8133237672439466
-0.8120647608849768
-0.8108065297282229
-0.8095490725725693
-0.8082923882176394
-0.8070364754637944
-0.805781333112132
-0.804526959964485
-0.8032733548234209
-0.8020205164922404
-0.8007684437749758
-0.7995171354763905
-0.7982665904019774
-0.7970168073579589
-0.7957677851512833
-0.7945195225896263
-0.7932720184813885
-0.7920252716356946
-0.790779280862392
-0.7895340449720498
-0.7882895627759579
-0.7870458330861259
-0.7858028547152812
-0.7845606264768686
-0.7833191471850494
-0.7820784156546994
-0.7808384307014083
-0.7795991911414785
-0.778360695791924
-0.7771229434704694
-0.7758859329955483
-0.7746496631863024
-0.7734141328625808
-0.7721793408449384
-0.7709452859546349
-0.7697119670136332
-0.7684793828445995
-0.7672475322709011
-0.7660164141166055
-0.7647860272064793
-0.7635563703659873
-0.7623274424212915
-0.7610992421992492
-0.7598717685274125
-0.7586450202340272
-0.7574189961480319
-0.7561936950990558
-0.7549691159174187
-0.7537452574341296
-0.7525221184808853
-0.7512996978900697
-0.750077994494752
-0.7488570071286864
-0.7476367346263108
-0.7464171758227449
-0.7451983295537903
-0.7439801946559284
-0.7427627699663201
-0.7415460543228037
-0.7403300465638948
-0.7391147455287845
-0.737900150057339
-0.7366862589900973
-0.7354730711682714
-0.7342605854337444
-0.7330488006290697
-0.7318377155974698
-0.730627329182835
-0.7294176402297228
-0.7282086475833566
-0.727000350089624
-0.7257927465950764
-0.7245858359469282
-0.7233796169930544
-0.7221740885819908
-0.7209692495629323
-0.7197650987857317
-0.7185616351008992
-0.7173588573596006
-0.7161567644136564
-0.7149553551155411
-0.7137546283183819
-0.712554582875957
-0.7113552176426954
-0.7101565314736755
-0.7089585232246238
-0.707761191751914
-0.7065645359125656
-0.7053685545642434
-0.7041732465652562
-0.7029786107745549
-0.7017846460517327
-0.7005913512570233
-0.6993987252513
-0.6982067668960742
-0.6970154750534947
-0.6958248485863469
-0.694634886358051
-0.6934455872326618
-0.6922569500748662
-0.6910689737499839
-0.6898816571239651
-0.6886949990633898
-0.6875089984354663
-0.6863236541080311
-0.685138964949547
-0.683954929829102
-0.6827715476164085
-0.6815888171818022
-0.6804067373962416
-0.6792253071313052
-0.6780445252591923
-0.6768643906527211
-0.6756849021853274
-0.6745060587310641
-0.6733278591645995
-0.6721503023612168
-0.670973387196813
-0.6697971125478971
-0.6686214772915897
-0.667446480305622
-0.6662721204683346
-0.6650983966586759
-0.6639253077562014
-0.6627528526410731
-0.6615810301940581
-0.660409839296527
-0.6592392788304532
-0.6580693476784125
-0.6569000447235813
-0.6557313688497352
-0.6545633189412488
-0.653395893883094
-0.6522290925608399
-0.6510629138606502
-0.6498973566692832
-0.6487324198740904
-0.647568102363016
-0.646404403024595
-0.6452413207479524
-0.6440788544228023
-0.6429170029394474
-0.6417557651887766
-0.6405951400622647
-0.6394351264519718
-0.6382757232505413
-0.6371169293511997
-0.6359587436477546
-0.6348011650345948
-0.6336441924066885
-0.6324878246595819
-0.6313320606893988
-0.6301768993928399
-0.6290223396671808
-0.6278683804102714
-0.6267150205205345
-0.6255622588969656
-0.6244100944391312
-0.6232585260471676
-0.6221075526217802
-0.6209571730642424
-0.6198073862763946
-0.6186581911606431
-0.6175095866199586
-0.6163615715578759
-0.6152141448784927
-0.6140673054864682
-0.6129210522870217
-0.6117753841859329
-0.6106303000895398
-0.6094857989047376
-0.6083418795389782
-0.6071985409002688
-0.6060557818971714
-0.6049136014388004
-0.6037719984348232
-0.6026309717954583
-0.6014905204314746
-0.6003506432541896
-0.5992113391754694
-0.598072607107727
-0.5969344459639216
-0.5957968546575572
-0.5946598321026817
-0.5935233772138864
-0.592387488906304
-0.5912521660956084
-0.5901174076980129
-0.58898321263027
-0.5878495798096701
-0.5867165081540399
-0.5855839965817417
-0.5844520440116728
-0.5833206493632644
-0.5821898115564796
-0.5810595295118134
-0.5799298021502913
-0.5788006283934687
-0.5776720071634287
-0.5765439373827823
-0.575416417974667
-0.5742894478627456
-0.5731630259712052
-0.572037151224756
-0.5709118225486309
-0.5697870388685843
-0.56866279911089
-0.5675391022023418
-0.5664159470702513
-0.5652933326424476
-0.5641712578472758
-0.5630497216135959
-0.5619287228707822
-0.5608082605487226
-0.5596883335778161
-0.5585689408889735
-0.5574500814136152
-0.556331754083671
-0.5552139578315783
-0.5540966915902817
-0.5529799542932318
-0.5518637448743839
-0.5507480622681975
-0.5496329054096346
-0.5485182732341595
-0.5474041646777372
-0.5462905786768326
-0.5451775141684092
-0.5440649700899285
-0.5429529453793491
-0.5418414389751248
-0.5407304498162046
-0.5396199768420309
-0.5385100189925396
-0.5374005752081574
-0.5362916444298023
-0.5351832255988818
-0.5340753176572924
-0.5329679195474181
-0.5318610302121293
-0.5307546485947824
-0.5296487736392188
-0.5285434042897629
-0.5274385394912219
-0.526334178188885
-0.5252303193285219
-0.5241269618563819
-0.5230241047191926
-0.5219217468641597
-0.5208198872389654
-0.5197185247917675
-0.5186176584711981
-0.5175172872263633
-0.5164174100068418
-0.5153180257626837
-0.5142191334444097
-0.5131207320030101
-0.5120228203899441
-0.5109253975571381
-0.5098284624569851
-0.5087320140423439
-0.5076360512665382
-0.5065405730833545
-0.5054455784470424
-0.5043510663123131
-0.5032570356343383
-0.5021634853687494
-0.501070414471636
-0.499977821899546
-0.4988857066094834
-0.4977940675589079
-0.4967029037057339
-0.49561221400832933
-0.4945219974255151
-0.49343225291656334
-0.49234297944119676
-0.49125417595958815
-0.4901658414323588
-0.4890779748205775
-0.4879905750857597
-0.48690364118986684
-0.48581717209530495
-0.4847311667649235
-0.4836456241620148
-0.48256054325031306
-0.48147592299399317
-0.4803917623576696
-0.4793080603063956
-0.4782248158056623
-0.47714202782139775
-0.47605969531996545
-0.4749778172681638
-0.47389639263322514
-0.47281542038281477
-0.4717348994850295
-0.4706548289083971
-0.4695752076218754
-0.46849603459485106
-0.46741730879713855
-0.46633902919897924
-0.46526119477104055
-0.46418380448441504
-0.4631068573106189
-0.4620303522215914
-0.46095428818969386
-0.45987866418770895
-0.45880347918883896
-0.45772873216670523
-0.45665442209534757
-0.4555805479492228
-0.45450710870320365
-0.45343410333257805
-0.45236153081304836
-0.45128939012073005
-0.4502176802321507
-0.449146400124249
-0.44807554877437433
-0.4470051251602851
-0.44593512826014814
-0.44486555705253733
-0.4437964105164333
-0.44272768763122206
-0.4416593873766938
-0.4405915087330421
-0.43952405068086325
-0.43845701220115524
-0.43739039227531606
-0.43632418988514343
-0.43525840401283383
-0.4341930336409814
-0.4331280777525766
-0.43206353533100567
-0.43099940536004966
-0.42993568682388345
-0.4288723787070744
-0.42780947999458163
-0.4267469896717554
-0.4256849067243357
-0.42462323013845127
-0.42356195890061876
-0.42250109199774194
-0.4214406284171106
-0.42038056714639926
-0.41932090717366666
-0.4182616474873546
-0.4172027870762872
-0.41614432492966935
-0.41508626003708626
-0.41402859138850256
-0.412971317974261
-0.41191443878508155
-0.4108579528120605
-0.40980185904666966
-0.40874615648075524
-0.4076908441065368
-0.40663592091660616
-0.4055813859039271
-0.4045272380618339
-0.4034734763840301
-0.4024200998645879
-0.4013671074979475
-0.4003144982789158
-0.39926227120266516
-0.39821042526473277
-0.3971589594610199
-0.39610787278779064
-0.39505716424167087
-0.3940068328196473
-0.39295687751906705
-0.3919072973376361
-0.3908580912734184
-0.38980925832483504
-0.38876079749066345
-0.38771270777003636
-0.3866649881624405
-0.3856176376677159
-0.3845706552860552
-0.3835240400180025
-0.38247779086445194
-0.3814319068266473
-0.38038638690618115
-0.37934123010499354
-0.37829643542537106
-0.37725200186994584
-0.3762079284416951
-0.3751642141439397
-0.3741208579803433
-0.37307785895491113
-0.37203521607198997
-0.3709929283362663
-0.3699509947527654
-0.3689094143268507
-0.36786818606422306
-0.36682730897091936
-0.36578678205331155
-0.36474660431810596
-0.36370677477234226
-0.3626672924233927
-0.36162815627896067
-0.36058936534707997
-0.3595509186361143
-0.3585128151547559
-0.35747505391202444
-0.3564376339172663
-0.35540055418015376
-0.35436381371068404
-0.35332741151917796
-0.35229134661627914
-0.35125561801295363
-0.3502202247204883
-0.3491851657504901
-0.34815044011488483
-0.347116046825917
-0.3460819848961483
-0.3450482533384564
-0.3440148511660344
-0.3429817773923903
-0.3419490310313451
-0.3409166110970326
-0.33988451660389796
-0.3388527465666972
-0.3378213000004963
-0.3367901759206696
-0.3357593733428993
-0.3347288912831748
-0.3336987287577915
-0.33266888478334944
-0.33163935837675296
-0.33061014855520965
-0.32958125433622937
-0.3285526747376229
-0.32752440877750155
-0.3264964554742762
-0.32546881384665605
-0.3244414829136478
-0.3234144616945547
-0.3223877492089757
-0.3213613444768047
-0.32033524651822903
-0.3193094543537289
-0.31828396700407674
-0.31725878349033576
-0.31623390283385916
-0.3152093240562892
-0.31418504617955656
-0.3131610682258791
-0.3121373892177608
-0.311114008177991
-0.3100909241296438
-0.30906813609607664
-0.3080456431009295
-0.3070234441681239
-0.3060015383218622
-0.30497992458662676
-0.30395860198717845
-0.30293756954855605
-0.3019168262960756
-0.30089637125532914
-0.29987620345218363
-0.29885632191278033
-0.2978367256635338
-0.29681741373113113
-0.29579838514253054
-0.2947796389249606
-0.29376117410591984
-0.2927429897131753
-0.2917250847747616
-0.29070745831898004
-0.28969010937439793
-0.2886730369698477
-0.2876562401344253
-0.2866397178974899
-0.28562346928866295
-0.2846074933378272
-0.2835917890751254
-0.28257635553095956
-0.2815611917359905
-0.28054629672113646
-0.2795316695175721
-0.27851730915672757
-0.2775032146702882
-0.27648938509019305
-0.2754758194486337
-0.27446251677805383
-0.27344947611114834
-0.2724366964808623
-0.27142417692038956
-0.2704119164631725
-0.26939991414290076
-0.2683881689935107
-0.2673766800491838
-0.26636544634434606
-0.2653544669136675
-0.26434374079206074
-0.26333326701468013
-0.2623230446169207
-0.2613130726344179
-0.2603033501030461
-0.2592938760589176
-0.2582846495383819
-0.257275669578025
-0.25626693521466837
-0.2552584454853675
-0.2542501994274116
-0.25324219607832266
-0.2522344344758543
-0.25122691365799077
-0.2502196326629461
-0.24921259052916356
-0.2482057862953144
-0.2471992190002967
-0.24619288768323483
-0.24518679138347854
-0.24418092914060202
-0.24317529999440257
-0.24216990298490013
-0.24116473715233633
-0.24015980153717356
-0.23915509518009379
-0.23815061712199775
-0.23714636640400438
-0.2361423420674496
-0.23513854315388533
-0.2341349687050785
-0.23313161776301067
-0.23212848936987673
-0.2311255825680838
-0.2301228964002505
-0.22912042990920628
-0.2281181821379904
-0.22711615212985053
-0.22611433892824237
-0.2251127415768287
-0.2241113591194784
-0.2231101906002653
-0.22210923506346736
-0.22110849155356613
-0.2201079591152456
-0.21910763679339101
-0.2181075236330881
-0.21710761867962258
-0.21610792097847892
-0.21510842957533918
-0.21410914351608235
-0.2131100618467837
-0.21211118361371353
-0.21111250786333624
-0.21011403364230943
-0.20911575999748333
-0.20811768597589964
-0.20711981062479043
-0.2061221329915774
-0.20512465212387113
-0.2041273670694702
-0.2031302768763598
-0.20213338059271108
-0.20113667726688064
-0.2001401659474092
-0.19914384568302057
-0.19814771552262092
-0.19715177451529817
-0.19615602171032076
-0.19516045615713656
-0.19416507690537224
-0.1931698830048325
-0.19217487350549903
-0.1911800474575292
-0.19018540391125563
-0.18919094191718536
-0.1881966605259987
-0.18720255878854816
-0.18620863575585778
-0.18521489047912232
-0.18422132200970637
-0.18322792939914292
-0.182234711699133
-0.18124166796154467
-0.18024879723841222
-0.17925609858193473
-0.17826357104447563
-0.17727121367856188
-0.17627902553688293
-0.1752870056722895
-0.17429515313779295
-0.17330346698656462
-0.17231194627193475
-0.1713205900473911
-0.17032939736657865
-0.1693383672832986
-0.1683474988515074
-0.1673567911253156
-0.16636624315898718
-0.16537585400693877
-0.16438562272373874
-0.1633955483641058
-0.16240562998290853
-0.16141586663516463
-0.1604262573760398
-0.15943680126084656
-0.1584474973450437
-0.15745834468423547
-0.15646934233417054
-0.1554804893507408
-0.15449178478998077
-0.15350322770806688
-0.15251481716131626
-0.15152655220618585
-0.15053843189927144
-0.14955045529730718
-0.14856262145716442
-0.14757492943585054
-0.14658737829050827
-0.14559996707841513
-0.14461269485698214
-0.1436255606837528
-0.14263856361640243
-0.14165170271273742
-0.14066497703069417
-0.13967838562833787
-0.13869192756386195
-0.1377056018955874
-0.13671940768196147
-0.1357333439815568
-0.13474740985307052
-0.13376160435532375
-0.1327759265472603
-0.1317903754879458
-0.13080495023656677
-0.12981964985243005
-0.12883447339496168
-0.12784941992370585
-0.1268644884983241
-0.12587967817859466
-0.12489498802441144
-0.12391041709578281
-0.12292596445283094
-0.12194162915579114
-0.12095741026501078
-0.11997330684094808
-0.11898931794417149
-0.11800544263535906
-0.11702167997529721
-0.11603802902487971
-0.11505448884510697
-0.11407105849708532
-0.11308773704202602
-0.11210452354124395
-0.11112141705615713
-0.11013841664828594
-0.109155521379252
-0.1081727303107771
-0.10719004250468246
-0.10620745702288814
-0.10522497292741188
-0.10424258928036795
-0.10326030514396652
-0.10227811958051299
-0.10129603165240683
-0.10031404042214055
-0.09933214495229889
-0.09835034430555828
-0.09736863754468565
-0.09638702373253734
-0.0954055019320584
-0.09442407120628196
-0.09344273061832808
-0.09246147923140266
-0.09148031610879671
-0.09049924031388577
-0.08951825091012872
-0.08853734696106666
-0.08755652753032232
-0.08657579168159932
-0.08559513847868101
-0.0846145669854295
-0.08363407626578485
-0.08265366538376444
-0.0816733334034619
-0.08069307938904592
-0.07971290240475966
-0.07873280151491999
-0.07775277578391646
-0.0767728242762101
-0.07579294605633284
-0.07481314018888677
-0.07383340573854305
-0.07285374177004081
-0.07187414734818642
-0.0708946215378529
-0.06991516340397877
-0.06893577201156689
-0.0679564464256839
-0.0669771857114594
-0.06599798893408498
-0.06501885515881302
-0.06403978345095604
-0.06306077287588605
-0.062081822499033365
-0.061102931385885614
-0.06012409860198696
-0.05914532321293748
-0.05816660428439202
-0.05718794088205914
-0.05620933207170037
-0.055230776919129594
-0.05425227449021191
-0.05327382385086254
-0.05229542406704612
-0.051317074204776075
-0.050338773330113475
-0.049360520509165944
-0.048382314808086954
-0.04740415529307521
-0.04642604103037349
-0.045447971086267545
-0.04446994452708544
-0.04349196041919688
-0.04251401782901208
-0.04153611582298069
-0.04055825346759107
-0.03958042982936969
-0.03860264397487995
-0.03762489497072111
-0.0366471818835276
-0.03566950377996836
-0.03469185972674574
-0.033714248790594356
-0.032736670038280444
-0.03175912253660118
-0.03078160535238358
-0.029804117552483377
-0.02882665820378435
-0.027849226373197658
-0.02687182112766074
-0.025894441534136184
-0.02491708665961106
-0.023939755571096275
-0.02296244733562542
-0.021985161020253694
-0.021007895692057216
-0.020030650418132363
-0.019053424265594657
-0.018076216301577647
-0.017099025593232252
-0.01612185120772608
-0.015144692212242317
-0.01416754767397863
-0.013190416660146479
-0.012213298237970457
-0.011236191474687178
-0.010259095437544163
-0.009282009193799175
-0.008304931810719547
-0.007327862355581065
-0.006350799895666868
-0.005373743498266769
-0.004396692230676593
-0.0034196451601970585
-0.0024426013541326715
-0.0014655598797910523
-0.0004885198044822702
0.0004885198044822702
0.0014655598797909412
0.0024426013541324495
0.0034196451601970585
0.004396692230676593
0.005373743498266658
0.006350799895666868
0.007327862355581065
0.008304931810719547
0.009282009193799064
0.010259095437543941
0.011236191474687178
0.012213298237970457
0.013190416660146368
0.01416754767397863
0.015144692212242317
0.01612185120772608
0.01709902559323214
0.018076216301577425
0.019053424265594657
0.020030650418132363
0.021007895692057105
0.021985161020253694
0.02296244733562542
0.023939755571096275
0.02491708665961095
0.025894441534135962
0.02687182112766074
0.027849226373197658
0.028826658203784238
0.029804117552483377
0.03078160535238358
0.03175912253660118
0.03273667003828033
0.033714248790594134
0.03469185972674574
0.03566950377996836
0.03664718188352749
0.03762489497072111
0.03860264397487995
0.03958042982936969
0.04055825346759096
0.04153611582298047
0.04251401782901208
0.04349196041919688
0.04446994452708533
0.045447971086267545
0.04642604103037349
0.04740415529307521
0.04838231480808684
0.04936052050916572
0.050338773330113475
0.051317074204776075
0.05229542406704601
0.05327382385086254
0.05425227449021191
0.055230776919129594
0.05620933207170026
0.05718794088205892
0.05816660428439202
0.05914532321293748
0.06012409860198685
0.061102931385885614
0.062081822499033365
0.06306077287588605
0.06403978345095593
0.0650188551588128
0.06599798893408498
0.0669771857114594
0.06795644642568378
0.06893577201156689
0.06991516340397877
0.0708946215378529
0.07187414734818631
0.07285374177004059
0.07383340573854305
0.07481314018888677
0.07579294605633273
0.0767728242762101
0.07775277578391646
0.07873280151491999
0.07971290240475955
0.0806930793890457
0.0816733334034619
0.08265366538376444
0.08363407626578474
0.0846145669854295
0.08559513847868101
0.08657579168159932
0.08755652753032221
0.08853734696106644
0.08951825091012872
0.09049924031388577
0.0914803161087966
0.09246147923140266
0.09344273061832808
0.09442407120628196
0.09540550193205828
0.09638702373253712
0.09736863754468565
0.09835034430555828
0.09933214495229878
0.10031404042214055
0.10129603165240683
0.10227811958051299
0.1032603051439664
0.10424258928036773
0.10522497292741188
0.10620745702288814
0.10719004250468235
0.1081727303107771
0.109155521379252
0.11013841664828594
0.11112141705615702
0.11210452354124373
0.11308773704202602
0.11407105849708532
0.11505448884510686
0.11603802902487971
0.11702167997529721
0.11800544263535906
0.11898931794417138
0.11997330684094785
0.12095741026501078
0.12194162915579114
0.12292596445283083
0.12391041709578281
0.12489498802441144
0.12587967817859466
0.126864488498324
0.12784941992370563
0.12883447339496168
0.12981964985243005
0.13080495023656666
0.1317903754879458
0.1327759265472603
0.13376160435532375
0.1347474098530704
0.13573334398155656
0.13671940768196147
0.1377056018955874
0.13869192756386184
0.13967838562833787
0.14066497703069417
0.14165170271273742
0.14263856361640231
0.14362556068375257
0.14461269485698214
0.14559996707841513
0.14658737829050816
0.14757492943585054
0.14856262145716442
0.14955045529730718
0.15053843189927132
0.15152655220618563
0.15251481716131626
0.15350322770806688
0.15449178478998066
0.1554804893507408
0.15646934233417054
0.15745834468423547
0.1584474973450436
0.15943680126084633
0.1604262573760398
0.16141586663516463
0.16240562998290842
0.1633955483641058
0.16438562272373874
0.16537585400693877
0.16636624315898707
0.16735679112531537
0.1683474988515074
0.1693383672832986
0.17032939736657854
0.1713205900473911
0.17231194627193475
0.17330346698656462
0.17429515313779284
0.17528700567228928
0.17627902553688293
0.17727121367856188
0.17826357104447552
0.17925609858193473
0.18024879723841222
0.18124166796154467
0.18223471169913288
0.1832279293991427
0.18422132200970637
0.18521489047912232
0.18620863575585767
0.18720255878854816
0.1881966605259987
0.18919094191718536
0.19018540391125552
0.19118004745752898
0.19217487350549903
0.1931698830048325
0.19416507690537213
0.19516045615713656
0.19615602171032076
0.19715177451529817
0.1981477155226208
0.19914384568302032
0.2001401659474092
0.20113667726688064
0.20213338059271097
0.2031302768763598
0.2041273670694702
0.20512465212387113
0.20612213299157728
0.2071198106247902
0.20811768597589964
0.20911575999748333
0.2101140336423093
0.21111250786333624
0.21211118361371353
0.2131100618467837
0.21410914351608223
0.21510842957533896
0.21610792097847892
0.21710761867962258
0.21810752363308797
0.21910763679339101
0.2201079591152456
0.22110849155356613
0.22210923506346725
0.22311019060026507
0.2241113591194784
0.2251127415768287
0.22611433892824226
0.22711615212985053
0.2281181821379904
0.22912042990920628
0.23012289640025038
0.23112558256808358
0.23212848936987673
0.23313161776301067
0.23413496870507838
0.23513854315388533
0.2361423420674496
0.23714636640400438
0.23815061712199764
0.23915509518009356
0.24015980153717356
0.24116473715233633
0.2421699029849
0.24317529999440257
0.24418092914060202
0.24518679138347854
0.24619288768323472
0.24719921900029648
0.2482057862953144
0.24921259052916356
0.250219632662946
0.25122691365799077
0.2522344344758543
0.25324219607832266
0.2542501994274115
0.25525844548536725
0.25626693521466837
0.257275669578025
0.2582846495383818
0.2592938760589176
0.2603033501030461
0.2613130726344179
0.2623230446169206
0.2633332670146799
0.26434374079206074
0.2653544669136675
0.26636544634434595
0.2673766800491838
0.2683881689935107
0.26939991414290076
0.27041191646317236
0.27142417692038934
0.2724366964808623
0.27344947611114834
0.2744625167780537
0.2754758194486337
0.27648938509019305
0.2775032146702882
0.27851730915672746
0.2795316695175718
0.28054629672113646
0.2815611917359905
0.28257635553095944
0.2835917890751254
0.2846074933378272
0.28562346928866295
0.28663971789748977
0.28765624013442503
0.2886730369698477
0.28969010937439793
0.2907074583189799
0.2917250847747616
0.2927429897131753
0.29376117410591984
0.29477963892496045
0.29579838514253026
0.29681741373113113
0.2978367256635338
0.2988563219127802
0.29987620345218363
0.30089637125532914
0.3019168262960756
0.30293756954855594
0.3039586019871782
0.30497992458662676
0.3060015383218622
0.30702344416812377
0.3080456431009295
0.30906813609607664
0.3100909241296438
0.3111140081779909
0.3121373892177606
0.3131610682258791
0.31418504617955656
0.3152093240562891
0.31623390283385916
0.31725878349033576
0.31828396700407674
0.3193094543537288
0.3203352465182288
0.3213613444768047
0.3223877492089757
0.32341446169455457
0.3244414829136478
0.32546881384665605
0.3264964554742762
0.32752440877750144
0.3285526747376227
0.32958125433622937
0.33061014855520965
0.33163935837675285
0.33266888478334944
0.3336987287577915
0.3347288912831748
0.3357593733428992
0.33679017592066934
0.3378213000004963
0.3388527465666972
0.33988451660389785
0.3409166110970326
0.3419490310313451
0.3429817773923903
0.3440148511660343
0.3450482533384561
0.3460819848961483
0.347116046825917
0.3481504401148847
0.3491851657504901
0.3502202247204883
0.35125561801295363
0.35229134661627903
0.3533274115191777
0.35436381371068404
0.35540055418015376
0.3564376339172662
0.35747505391202444
0.3585128151547559
0.3595509186361143
0.36058936534707986
0.3616281562789604
0.3626672924233927
0.36370677477234226
0.36474660431810585
0.36578678205331155
0.36682730897091936
0.36786818606422306
0.3689094143268506
0.36995099475276516
0.3709929283362663
0.37203521607198997
0.373077858954911
0.3741208579803433
0.3751642141439397
0.3762079284416951
0.37725200186994573
0.37829643542537084
0.37934123010499354
0.38038638690618115
0.3814319068266472
0.38247779086445194
0.3835240400180025
0.3845706552860552
0.3856176376677158
0.38666498816244027
0.38771270777003636
0.38876079749066345
0.38980925832483493
0.3908580912734184
0.3919072973376361
0.39295687751906705
0.3940068328196472
0.39505716424167064
0.39610787278779064
0.3971589594610199
0.39821042526473266
0.39926227120266516
0.4003144982789158
0.4013671074979475
0.40242009986458777
0.4034734763840298
0.4045272380618339
0.4055813859039271
0.40663592091660605
0.4076908441065368
0.40874615648075524
0.40980185904666966
0.4108579528120604
0.4119144387850813
0.412971317974261
0.41402859138850256
0.41508626003708615
0.41614432492966935
0.4172027870762872
0.4182616474873546
0.41932090717366655
0.42038056714639904
0.4214406284171106
0.42250109199774194
0.42356195890061865
0.42462323013845127
0.4256849067243357
0.4267469896717554
0.4278094799945815
0.4288723787070742
0.42993568682388345
0.43099940536004966
0.43206353533100555
0.4331280777525766
0.4341930336409814
0.43525840401283383
0.4363241898851433
0.4373903922753158
0.43845701220115524
0.43952405068086325
0.4405915087330419
0.4416593873766938
0.44272768763122206
0.4437964105164333
0.4448655570525372
0.4459351282601479
0.4470051251602851
0.44807554877437433
0.4491464001242489
0.4502176802321507
0.45128939012073005
0.45236153081304836
0.45343410333257794
0.45450710870320343
0.4555805479492228
0.45665442209534757
0.4577287321667051
0.45880347918883896
0.45987866418770895
0.46095428818969386
0.4620303522215913
0.4631068573106187
0.46418380448441504
0.46526119477104055
0.4663390291989791
0.46741730879713855
0.46849603459485106
0.4695752076218754
0.47065482890839694
0.4717348994850292
0.47281542038281477
0.47389639263322514
0.4749778172681636
0.47605969531996545
0.47714202782139775
0.4782248158056623
0.4793080603063955
0.4803917623576694
0.48147592299399317
0.48256054325031306
0.4836456241620147
0.4847311667649235
0.48581717209530495
0.48690364118986684
0.4879905750857596
0.48907797482057724
0.4901658414323588
0.49125417595958815
0.49234297944119665
0.49343225291656334
0.4945219974255151
0.49561221400832933
0.4967029037057338
0.4977940675589077
0.4988857066094834
0.499977821899546
0.5010704144716359
0.5021634853687494
0.5032570356343383
0.5043510663123131
0.5054455784470423
0.5065405730833543
0.5076360512665382
0.5087320140423439
0.509828462456985
0.5109253975571381
0.5120228203899441
0.5131207320030101
0.5142191334444095
0.5153180257626835
0.5164174100068418
0.5175172872263633
0.518617658471198
0.5197185247917675
0.5208198872389654
0.5219217468641597
0.5230241047191925
0.5241269618563816
0.5252303193285219
0.526334178188885
0.5274385394912218
0.5285434042897629
0.5296487736392188
0.5307546485947824
0.5318610302121292
0.5329679195474178
0.5340753176572924
0.5351832255988818
0.5362916444298022
0.5374005752081574
0.5385100189925396
0.5396199768420309
0.5407304498162044
0.5418414389751246
0.5429529453793491
0.5440649700899285
0.5451775141684091
0.5462905786768326
0.5474041646777372
0.5485182732341595
0.5496329054096345
0.5507480622681973
0.5518637448743839
0.5529799542932318
0.5540966915902816
0.5552139578315783
0.556331754083671
0.5574500814136152
0.5585689408889734
0.5596883335778159
0.5608082605487226
0.5619287228707822
0.5630497216135957
0.5641712578472758
0.5652933326424476
0.5664159470702513
0.5675391022023417
0.5686627991108898
0.5697870388685843
0.5709118225486309
0.5720371512247558
0.5731630259712052
0.5742894478627456
0.575416417974667
0.5765439373827822
0.5776720071634285
0.5788006283934687
0.5799298021502913
0.5810595295118133
0.5821898115564796
0.5833206493632644
0.5844520440116728
0.5855839965817415
0.5867165081540396
0.5878495798096701
0.58898321263027
0.5901174076980127
0.5912521660956084
0.592387488906304
0.5935233772138864
0.5946598321026816
0.5957968546575569
0.5969344459639216
0.598072607107727
0.5992113391754693
0.6003506432541896
0.6014905204314746
0.6026309717954583
0.6037719984348231
0.6049136014388001
0.6060557818971714
0.6071985409002688
0.6083418795389781
0.6094857989047376
0.6106303000895398
0.6117753841859329
0.6129210522870215
0.6140673054864678
0.6152141448784927
0.6163615715578759
0.6175095866199584
0.6186581911606431
0.6198073862763946
0.6209571730642424
0.6221075526217801
0.6232585260471674
0.6244100944391312
0.6255622588969656
0.6267150205205344
0.6278683804102714
0.6290223396671808
0.6301768993928399
0.6313320606893987
0.6324878246595815
0.6336441924066885
0.6348011650345948
0.6359587436477545
0.6371169293511997
0.6382757232505413
0.6394351264519718
0.6405951400622646
0.6417557651887763
0.6429170029394474
0.6440788544228023
0.6452413207479522
0.646404403024595
0.647568102363016
0.6487324198740904
0.6498973566692829
0.65106291386065
0.6522290925608399
0.653395893883094
0.6545633189412486
0.6557313688497352
0.6569000447235813
0.6580693476784125
0.6592392788304531
0.6604098392965267
0.6615810301940581
0.6627528526410731
0.6639253077562013
0.6650983966586759
0.6662721204683346
0.667446480305622
0.6686214772915896
0.6697971125478968
0.670973387196813
0.6721503023612168
0.6733278591645994
0.6745060587310641
0.6756849021853274
0.6768643906527211
0.6780445252591922
0.679225307131305
0.6804067373962416
0.6815888171818022
0.6827715476164082
0.683954929829102
0.685138964949547
0.6863236541080311
0.6875089984354662
0.6886949990633895
0.6898816571239651
0.6910689737499839
0.6922569500748661
0.6934455872326618
0.694634886358051
0.6958248485863469
0.6970154750534946
0.6982067668960739
0.6993987252513
0.7005913512570233
0.7017846460517326
0.7029786107745549
0.7041732465652562
0.7053685545642434
0.7065645359125655
0.7077611917519138
0.7089585232246238
0.7101565314736755
0.7113552176426953
0.712554582875957
0.7137546283183819
0.7149553551155411
0.7161567644136563
0.7173588573596004
0.7185616351008992
0.7197650987857317
0.7209692495629321
0.7221740885819908
0.7233796169930544
0.7245858359469282
0.7257927465950763
0.7270003500896237
0.7282086475833566
0.7294176402297228
0.7306273291828349
0.7318377155974698
0.7330488006290697
0.7342605854337444
0.7354730711682713
0.7366862589900971
0.737900150057339
0.7391147455287845
0.7403300465638947
0.7415460543228037
0.7427627699663201
0.7439801946559284
0.7451983295537902
0.7464171758227447
0.7476367346263108
0.7488570071286864
0.7500779944947519
0.7512996978900697
0.7525221184808853
0.7537452574341296
0.7549691159174186
0.7561936950990555
0.7574189961480319
0.7586450202340272
0.7598717685274123
0.7610992421992492
0.7623274424212915
0.7635563703659873
0.7647860272064791
0.7660164141166053
0.7672475322709011
0.7684793828445995
0.7697119670136331
0.7709452859546349
0.7721793408449384
0.7734141328625808
0.7746496631863022
0.775885932995548
0.7771229434704694
0.778360695791924
0.7795991911414784
0.7808384307014083
0.7820784156546994
0.7833191471850494
0.7845606264768685
0.7858028547152809
0.7870458330861259
0.7882895627759579
0.7895340449720496
0.790779280862392
0.7920252716356946
0.7932720184813885
0.7945195225896262
0.795767785151283
0.7970168073579589
0.7982665904019774
0.7995171354763904
0.8007684437749758
0.8020205164922404
0.8032733548234209
0.8045269599644848
0.8057813331121317
0.8070364754637944
0.8082923882176394
0.8095490725725691
0.8108065297282229
0.8120647608849768
0.8133237672439466
0.8145835500069879
0.8158441103766974
0.8171054495564141
0.8183675687502201
0.8196304691629428
0.8208941520001553
0.8221586184681766
0.8234238697740748
0.8246899071256669
0.8259567317315204
0.8272243448009543
0.8284927475440396
0.829761941171602
0.8310319268952221
0.8323027059272359
0.8335742794807373
0.8348466487695787
0.836119815008372
0.83739377941249
0.8386685431980668
0.8399441075820003
0.8412204737819526
0.8424976430163508
0.8437756165043888
0.8450543954660283
0.846333981122
0.8476143746938047
0.8488955774037139
0.8501775904747719
0.8514604151307973
0.8527440525963818
0.8540285040968942
0.8553137708584804
0.856599854108064
0.8578867550733489
0.8591744749828181
0.8604630150657376
0.8617523765521565
0.8630425606729067
0.8643335686596068
0.865625401744661
0.8669180611612615
0.8682115481433895
0.8695058639258155
0.870801009744102
0.8720969868346036
0.8733937964344676
0.8746914397816372
0.8759899181148512
0.8772892326736451
0.8785893846983532
0.8798903754301085
0.8811922061108451
0.8824948779832995
0.88379839229101
0.8851027502783196
0.8864079531903772
0.8877140022731377
0.8890208987733641
0.8903286439386278
0.8916372390173108
0.8929466852586067
0.8942569839125207
0.8955681362298725
0.8968801434622965
0.8981930068622433
0.8995067276829809
0.900821307178595
0.902136746603992
0.9034530472148989
0.9047702102678643
0.9060882370202606
0.9074071287302847
0.908726886656959
0.9100475120601332
0.9113690062004841
0.9126913703395187
0.9140146057395748
0.9153387136638206
0.9166636953762584
0.917989552141724
0.9193162852258889
0.9206438958952613
0.9219723854171863
0.9233017550598487
0.9246320060922736
0.9259631397843265
0.9272951574067165
0.9286280602309961
0.929961849529563
0.931296526575661
0.932632092643381
0.9339685490076631
0.9353058969442974
0.9366441377299244
0.9379832726420373
0.939323302958983
0.9406642299599631
0.9420060549250353
0.9433487791351136
0.9446924038719716
0.9460369304182423
0.9473823600574187
0.9487286940738568
0.9500759337527759
0.9514240803802594
0.952773135243257
0.9541230996295846
0.9554739748279271
0.9568257621278389
0.9581784628197442
0.95953207819494
0.9608866095455962
0.9622420581647573
0.9635984253463432
0.9649557123851503
0.9663139205768538
0.9676730512180081
0.9690331056060475
0.9703940850392888
0.9717559908169319
0.9731188242390605
0.9744825866066446
0.9758472792215397
0.9772129033864906
0.9785794604051311
0.9799469515819846
0.9813153782224674
0.982684741632888
0.9840550431204498
0.9854262839932516
0.9867984655602879
0.9881715891314525
0.9895456560175383
0.9909206675302376
0.9922966249821454
0.9936735296867597
0.9950513829584825
0.9964301861126216
0.9978099404653906
0.9991906473339123
1.0005723080362185
1.0019549238912508
1.0033384962188636
1.0047230263398237
1.0061085155758123
1.0074949652494267
1.0088823766841803
1.0102707512045048
1.011660090135752
1.013050394804193
1.0144416665370217
1.0158339066623554
1.017227116509235
1.018621297407628
1.0200164506884282
1.0214125776834573
1.022809679725468
1.0242077581481421
1.0256068142860946
1.027006849474873
1.0284078650509605
1.0298098623517753
1.0312128427156726
1.0326168074819468
1.034021757990832
1.035427695583502
1.0368346216020743
1.0382425373896096
1.0396514442901132
1.0410613436485372
1.0424722368107795
1.0438841251236883
1.0452970099350616
1.0467108925936475
1.0481257744491477
1.0495416568522176
1.0509585411544675
1.0523764287084645
1.0537953208677329
1.055215218986756
1.0566361244209783
1.0580580385268044
1.059480962661603
1.0609048981837066
1.0623298464524131
1.0637558088279877
1.0651827866716623
1.0666107813456396
1.0680397942130928
1.069469826638166
1.0709008799859774
1.07233295562262
1.0737660549151624
1.0752001792316506
1.0766353299411078
1.078071508413539
1.0795087160199295
1.0809469541322458
1.08238622412344
1.0838265273674486
1.0852678652391936
1.0867102391145862
1.088153650370525
1.0895981003848998
1.0910435905365923
1.092490122205476
1.0939376967724193
1.0953863156192867
1.0968359801289385
1.0982866916852343
1.0997384516730317
1.1011912614781911
1.1026451224875735
1.1041000360890438
1.105556003671472
1.1070130266247342
1.1084711063397137
1.109930244208303
1.1113904416234037
1.1128516999789304
1.1143140206698094
1.115777405091981
1.1172418546424019
1.1187073707190447
1.1201739547209004
1.12164160804798
1.123110332101314
1.1245801282829562
1.1260509979959834
1.127522942644497
1.128995963633625
1.1304700623695227
1.131945240259374
1.1334214987113935
1.1348988391348265
1.1363772629399518
1.1378567715380825
1.1393373663415667
1.1408190487637895
1.1423018202191744
1.143785682123185
1.1452706358923255
1.1467566829441413
1.1482438246972233
1.1497320625712064
1.1512213979867714
1.152711832365648
1.1542033671306142
1.1556960037054986
1.1571897435151821
1.1586845879855974
1.1601805385437332
1.1616775966176336
1.1631757636363993
1.1646750410301903
1.1661754302302263
1.1676769326687888
1.1691795497792217
1.1706832829959322
1.1721881337543942
1.173694103491148
1.1752011936438014
